0.1528E+02 -0.1000E+03
0.1530E+02 -0.1000E+03
0.1532E+02 -0.1000E+03
0.1534E+02 -0.1000E+03
0.1536E+02 -0.1000E+03
0.1538E+02 -0.1000E+03
0.1540E+02 -0.1000E+03
0.1542E+02 -0.1000E+03
0.1543E+02 -0.1000E+03
0.1544E+02 -0.1000E+03
0.1545E+02 -0.1000E+03
0.1547E+02 -0.1000E+03
0.1550E+02 -0.1000E+03
0.1551E+02 -0.1000E+03
0.1552E+02 -0.1000E+03
0.1552E+02 -0.1000E+03
0.1552E+02 -0.1000E+03
0.1552E+02 -0.1000E+03
0.1552E+02 -0.1000E+03
0.1553E+02 -0.1000E+03
0.1553E+02 -0.1000E+03
0.1553E+02 -0.1000E+03
0.1554E+02 -0.1000E+03
0.1554E+02 -0.1000E+03
0.1555E+02 -0.1000E+03
0.1555E+02 -0.1000E+03
0.1555E+02 -0.1000E+03
0.1556E+02 -0.1000E+03
0.1556E+02 -0.1000E+03
0.1557E+02 -0.1000E+03
0.1558E+02 -0.1000E+03
0.1559E+02 -0.1000E+03
0.1559E+02 -0.1000E+03
0.1563E+02 -0.1000E+03
0.1566E+02 -0.1000E+03
0.1569E+02 -0.1000E+03
0.1572E+02 -0.1000E+03
0.1573E+02 -0.1000E+03
0.1575E+02 -0.1000E+03
0.1576E+02 -0.1000E+03
0.1576E+02 -0.1000E+03
0.1576E+02 -0.1000E+03
0.1577E+02 -0.1000E+03
0.1577E+02 -0.1000E+03
0.1577E+02 -0.1000E+03
0.1578E+02 -0.1000E+03
0.1578E+02 -0.1000E+03
0.1578E+02 -0.1000E+03
0.1578E+02 -0.1000E+03
0.1578E+02 -0.1000E+03
0.1579E+02 -0.1000E+03
0.1579E+02 -0.1000E+03
0.1579E+02 -0.1000E+03
0.1579E+02 -0.1000E+03
0.1580E+02 -0.1000E+03
0.1580E+02 -0.1000E+03
0.1581E+02 -0.1000E+03
0.1581E+02 -0.1000E+03
0.1581E+02 -0.1000E+03
0.1582E+02 -0.1000E+03
0.1582E+02 -0.1000E+03
0.1584E+02 -0.1000E+03
0.1585E+02 -0.1000E+03
0.1587E+02 -0.1000E+03
0.1589E+02 -0.1000E+03
0.1590E+02 -0.1000E+03
0.1592E+02 -0.1000E+03
0.1592E+02 -0.1000E+03
0.1593E+02 -0.1000E+03
0.1594E+02 -0.1000E+03
0.1596E+02 -0.1000E+03
0.1598E+02 -0.1000E+03
0.1599E+02 -0.1000E+03
0.1599E+02 -0.1000E+03
0.1599E+02 -0.1000E+03
0.1601E+02 -0.1000E+03
0.1602E+02 -0.1000E+03
0.1603E+02 -0.1000E+03
0.1604E+02 -0.1000E+03
0.1605E+02 -0.1000E+03
0.1606E+02 -0.1000E+03
0.1606E+02 -0.1000E+03
0.1606E+02 -0.1000E+03
0.1608E+02 -0.1000E+03
0.1610E+02 -0.1000E+03
0.1610E+02 -0.1000E+03
0.1611E+02 -0.1000E+03
0.1611E+02 -0.1000E+03
0.1612E+02 -0.1000E+03
0.1612E+02 -0.1000E+03
0.1612E+02 -0.1000E+03
0.1612E+02 -0.1000E+03
0.1612E+02 -0.1000E+03
0.1613E+02 -0.1000E+03
0.1613E+02 -0.1000E+03
0.1613E+02 -0.1000E+03
0.1613E+02 -0.1000E+03
0.1614E+02 -0.1000E+03
0.1615E+02 -0.1000E+03
0.1615E+02 -0.1000E+03
0.1616E+02 -0.1000E+03
0.1617E+02 -0.1000E+03
0.1618E+02 -0.1000E+03
0.1618E+02 -0.1000E+03
0.1619E+02 -0.1000E+03
0.1620E+02 -0.1000E+03
0.1621E+02 -0.1000E+03
0.1622E+02 -0.1000E+03
0.1623E+02 -0.1000E+03
0.1624E+02 -0.1000E+03
0.1625E+02 -0.1000E+03
0.1626E+02 -0.1000E+03
0.1627E+02 -0.1000E+03
0.1629E+02 -0.1000E+03
0.1630E+02 -0.1000E+03
0.1632E+02 -0.1000E+03
0.1633E+02 -0.1000E+03
0.1635E+02 -0.1000E+03
0.1637E+02 -0.1000E+03
0.1639E+02 -0.1000E+03
0.1641E+02 -0.1000E+03
0.1642E+02 -0.1000E+03
0.1644E+02 -0.1000E+03
0.1645E+02 -0.1000E+03
0.1646E+02 -0.1000E+03
0.1647E+02 -0.1000E+03
0.1648E+02 -0.1000E+03
0.1650E+02 -0.1000E+03
0.1652E+02 -0.1000E+03
0.1653E+02 -0.1000E+03
0.1654E+02 -0.1000E+03
0.1654E+02 -0.1000E+03
0.1655E+02 -0.1000E+03
0.1656E+02 -0.1000E+03
0.1656E+02 -0.1000E+03
0.1657E+02 -0.1000E+03
0.1658E+02 -0.1000E+03
0.1660E+02 -0.1000E+03
0.1661E+02 -0.1000E+03
0.1663E+02 -0.1428E+02
0.1665E+02 -0.1226E+02
0.1667E+02 -0.1088E+02
0.1668E+02 -0.9729E+01
0.1669E+02 -0.9126E+01
0.1670E+02 -0.8567E+01
0.1671E+02 -0.7970E+01
0.1672E+02 -0.7422E+01
0.1673E+02 -0.7013E+01
0.1673E+02 -0.6630E+01
0.1675E+02 -0.5976E+01
0.1676E+02 -0.5397E+01
0.1677E+02 -0.5025E+01
0.1677E+02 -0.4682E+01
0.1678E+02 -0.4380E+01
0.1679E+02 -0.4099E+01
0.1680E+02 -0.3851E+01
0.1680E+02 -0.3623E+01
0.1682E+02 -0.3262E+01
0.1683E+02 -0.2938E+01
0.1683E+02 -0.2715E+01
0.1684E+02 -0.2548E+01
0.1686E+02 -0.2182E+01
0.1687E+02 -0.2128E+01
0.1688E+02 -0.1942E+01
0.1689E+02 -0.1770E+01
0.1689E+02 -0.1664E+01
0.1690E+02 -0.1612E+01
0.1691E+02 -0.1355E+01
0.1693E+02 -0.1128E+01
0.1694E+02 -0.9584E+00
0.1695E+02 -0.8031E+00
0.1696E+02 -0.5977E+00
0.1698E+02 -0.4178E+00
0.1698E+02 -0.3284E+00
0.1699E+02 -0.2746E+00
0.1700E+02 -0.1593E+00
0.1701E+02 -0.6462E-01
0.1703E+02  0.4547E-01
0.1704E+02  0.1441E+00
0.1705E+02  0.2351E+00
0.1706E+02  0.3177E+00
0.1707E+02  0.3761E+00
0.1708E+02  0.4305E+00
0.1710E+02  0.5502E+00
0.1711E+02  0.2650E+00
0.1713E+02  0.3382E+00
0.1714E+02  0.3861E+00
0.1715E+02  0.4391E+00
0.1716E+02  0.4788E+00
0.1717E+02  0.5365E+00
0.1718E+02  0.5883E+00
0.1719E+02  0.6407E+00
0.1720E+02  0.6887E+00
0.1721E+02  0.7364E+00
0.1721E+02  0.7802E+00
0.1722E+02  0.8226E+00
0.1723E+02  0.8615E+00
0.1724E+02  0.8953E+00
0.1725E+02  0.8730E+00
0.1726E+02  0.9131E+00
0.1727E+02  0.9496E+00
0.1728E+02  0.9844E+00
0.1729E+02  0.1015E+01
0.1730E+02  0.1041E+01
0.1731E+02  0.1067E+01
0.1732E+02  0.1084E+01
0.1732E+02  0.1100E+01
0.1733E+02  0.1120E+01
0.1734E+02  0.1130E+01
0.1735E+02  0.1150E+01
0.1735E+02  0.1143E+01
0.1736E+02  0.1166E+01
0.1737E+02  0.1187E+01
0.1738E+02  0.1204E+01
0.1739E+02  0.1225E+01
0.1739E+02  0.1242E+01
0.1740E+02  0.1258E+01
0.1741E+02  0.1273E+01
0.1742E+02  0.1288E+01
0.1742E+02  0.1303E+01
0.1743E+02  0.1317E+01
0.1745E+02  0.1343E+01
0.1746E+02  0.1367E+01
0.1747E+02  0.1378E+01
0.1747E+02  0.1389E+01
0.1749E+02  0.1407E+01
0.1750E+02  0.1416E+01
0.1751E+02  0.1430E+01
0.1752E+02  0.1563E+01
0.1753E+02  0.1573E+01
0.1755E+02  0.1583E+01
0.1756E+02  0.1590E+01
0.1757E+02  0.1598E+01
0.1759E+02  0.1605E+01
0.1760E+02  0.1612E+01
0.1761E+02  0.1621E+01
0.1763E+02  0.1630E+01
0.1764E+02  0.1636E+01
0.1765E+02  0.1641E+01
0.1766E+02  0.1648E+01
0.1767E+02  0.1654E+01
0.1767E+02  0.1657E+01
0.1768E+02  0.1660E+01
0.1769E+02  0.1664E+01
0.1769E+02  0.1668E+01
0.1770E+02  0.1675E+01
0.1772E+02  0.1682E+01
0.1773E+02  0.1691E+01
0.1774E+02  0.1699E+01
0.1776E+02  0.1708E+01
0.1777E+02  0.1717E+01
0.1778E+02  0.1721E+01
0.1779E+02  0.1724E+01
0.1780E+02  0.1731E+01
0.1781E+02  0.1737E+01
0.1782E+02  0.1745E+01
0.1783E+02  0.1751E+01
0.1784E+02  0.1756E+01
0.1784E+02  0.1760E+01
0.1786E+02  0.1767E+01
0.1787E+02  0.1773E+01
0.1788E+02  0.1779E+01
0.1789E+02  0.1784E+01
0.1789E+02  0.1788E+01
0.1790E+02  0.1792E+01
0.1791E+02  0.1800E+01
0.1793E+02  0.1809E+01
0.1794E+02  0.1814E+01
0.1794E+02  0.1819E+01
0.1796E+02  0.1826E+01
0.1797E+02  0.1832E+01
0.1798E+02  0.1839E+01
0.1799E+02  0.1846E+01
0.1801E+02  0.1858E+01
0.1803E+02  0.1870E+01
0.1806E+02  0.1887E+01
0.2000E+02  0.32E+01
