# Observed Passband Measurement Uncertainty
2.53E+19  8.59E-14   7.20E-15
2.53E+19  7.10E-14  0.0 
1.99E+19  6.40E-14   3.80E-15 
8.46E+18  4.63E-14   2.50E-15
7.25E+18  3.76E-14  0.0 
1.45E+18  3.00E-14  0.0 
1.45E+18  1.20E-14  0.0
1.45E+18  2.21E-14  0.0  
1.45E+18  1.34E-14   7.30E-15
1.45E+18  8.03E-15  0.0
9.31E+17  8.54E-15  0.0
5.25E+17  8.82E-16 0.0
3.26E+17  1.40E-16  0.0  
1.95E+15  4.07E-16   3.75E-17  
1.95E+15  8.59E-16   7.12E-17  
1.29E+15  1.52E-15   7.01E-17  
1.29E+15  6.71E-16   3.09E-17  
9.08E+14  1.56E-14  0.0  
9.08E+14  6.70E-16  0.0  
8.19E+14   6.97E-14  8.97E-15  
8.19E+14  9.71E-14  0.0  
6.81E+14  2.03E-13  2.58E-14  
6.81E+14  2.69E-13  0.0  
6.81E+14  1.98E-13   1.71E-14  
6.81E+14  1.60E-13   1.38E-14  
6.81E+14  1.79E-13   1.55E-14  
6.81E+14   2.08E-13   3.08E-14  
6.41E+14  1.53E-13   1.78E-14  
5.42E+14  2.31E-13   6.47E-15  
5.42E+14  1.83E-13   5.14E-15  
5.42E+14   3.01E-14   8.45E-16  
5.42E+14  2.58E-13   7.22E-15  
5.42E+14  6.84E-14   1.27E-15  
5.42E+14  4.32E-13  0.0  
5.42E+14  3.52E-13   4.50E-14  
4.68E+14  3.69E-13   3.19E-14  
4.68E+14  4.10E-13   3.54E-14  
4.68E+14   4.34E-13   3.75E-14  
4.45E+14  9.56E-14   1.78E-15  
2.50E+14  2.68E-13   7.51E-15  
2.50E+14  1.76E-13   4.92E-15  
2.50E+14  1.17E-13   3.28E-15  
2.50E+14  2.63E-13   7.38E-15  
2.50E+14  7.59E-14   2.85E-15  
2.50E+14  3.35E-14   1.26E-15  
2.41E+14  7.80E-13   2.02E-13  
2.40E+14   4.44E-13   5.77E-15  
2.40E+14  5.01E-13   6.51E-15  
2.40E+14  1.38E-13   5.11E-16  
2.40E+14  8.12E-14   3.83E-15  
1.84E+14  7.85E-13   2.03E-13  
1.83E+14  3.59E-14   1.35E-15  
1.83E+14  7.64E-14   2.86E-15  
1.83E+14  2.46E-13   6.89E-15  
1.83E+14  1.61E-13   4.51E-15  
1.83E+14  1.10E-13   3.09E-15  
1.83E+14   2.39E-13   6.70E-15  
  1.82E+14  4.58E-13   6.80E-15  
   1.82E+14  1.35E-13   4.99E-16  
 1.82E+14  4.18E-13   6.20E-15  
   1.82E+14  7.77E-14   4.42E-15  
  1.38E+14  2.91E-13   5.41E-15  
  1.38E+14  9.12E-14   4.21E-16  
  1.38E+14  1.01E-14  0.0  
  1.38E+14  1.58E-13  0.0  
 1.38E+14  1.84E-13  0.0  
  1.37E+14   4.75E-13   1.23E-13  
  1.37E+14  7.54E-14   2.11E-15  
  1.37E+14  5.22E-14   1.46E-15  
  1.37E+14  2.64E-14   7.39E-16  
  1.37E+14  1.56E-13   4.37E-15  
  1.37E+14  1.59E-13   4.45E-15  
   1.37E+14  1.05E-13   2.94E-15  
   1.37E+14  2.11E-13   5.92E-15  
  1.36E+14  5.28E-14   5.10E-15  
  8.44E+13  7.23E-14   4.66E-15  
  7.89E+13  5.33E-14   4.08E-15  
   7.89E+13  4.24E-14   2.00E-15  
  6.67E+13  8.29E-14   4.58E-15  
  5.23E+13  1.15E-13   5.28E-15  
  5.00E+13   1.29E-13   0.0  
   4.84E+13  2.14E-19   3.40E-20  
  4.30E+13  4.45E-17   2.00E-18  
  3.89E+13  2.10E-13  0.0  
   3.81E+13  2.15E-13   5.94E-15  
   3.43E+13  1.65E-13   3.46E-15  
   2.89E+13  1.15E-13   1.73E-14  
  2.89E+13  1.99E-13   3.87E-15  
  2.89E+13  2.05E-13   2.89E-15  
   2.86E+13  1.69E-13   5.55E-15  
   2.86E+13  1.74E-13   6.29E-15  
   2.86E+13  1.87E-13   8.01E-15  
   2.86E+13   6.40E-21   7.00E-22  
   2.86E+13  1.92E-13   3.89E-15  
  2.86E+13  1.75E-13   5.21E-15  
   2.66E+13  2.00E-13   1.21E-14  
  2.66E+13  1.93E-13   6.57E-15  
  2.66E+13  2.00E-13   2.00E-14  
  2.66E+13  1.96E-13   7.69E-15  
   2.52E+13  2.33E-13   6.30E-15  
  2.52E+13  2.32E-13   2.32E-14  
  2.52E+13  2.23E-13   1.34E-14  
  2.52E+13   2.34E-13   5.54E-15  
  2.50E+13  2.69E-13   4.04E-14  
  2.50E+13  2.67E-13   3.20E-14  
  2.44E+13  2.53E-13   1.37E-14  
  2.44E+13  2.53E-13   2.63E-14  
   2.44E+13  2.54E-13   1.56E-14  
  2.44E+13  2.53E-13   1.53E-14  
   2.44E+13  2.72E-13   1.04E-14  
  2.04E+13  4.45E-13   6.51E-15  
   1.64E+13  4.58E-13   1.14E-13  
   1.64E+13  3.46E-13   6.36E-15  
  1.50E+13  4.53E-13   5.06E-15  
   1.27E+13  2.76E-13   9.91E-15  
  1.20E+13  5.12E-13   3.60E-15  
   1.20E+13   3.93E-13   5.90E-14  
 1.20E+13  3.72E-13  0.0  
  1.20E+13  4.73E-13   3.60E-15  
  1.20E+13  4.69E-13   6.40E-15  
  9.99E+12  3.89E-13   6.15E-15  
  5.77E+12  4.50E-13   1.73E-13  
  5.00E+12   2.93E-13   1.90E-15  
  5.00E+12  3.18E-13   1.60E-15  
   5.00E+12  2.97E-13   4.46E-14  
  5.00E+12  2.67E-13   2.67E-14  
  4.76E+12  3.05E-13   9.04E-14  
   4.20E+12  1.86E-13   1.35E-14  
 3.00E+12  1.28E-13   6.21E-15  
  3.00E+12  1.32E-13   6.78E-15  
  3.00E+12  1.20E-13   1.80E-14  
 3.00E+12  1.25E-13   1.00E-14  
  2.52E+12  1.25E-13   8.82E-15  
  2.46E+12  9.35E-14   1.72E-14  
 2.07E+12  3.93E-14   1.03E-14  
 1.90E+12  4.37E-14   3.80E-14  
  1.86E+12  7.68E-14   6.51E-15  
  1.62E+12  5.02E-14   4.21E-15  
  1.47E+12  3.32E-14   5.59E-15  
 2.40E+10  1.13E-18  0.0  
  2.40E+10  6.96E-18  0.0  
  2.40E+10  1.61E-17  0.0  
  1.99E+10  2.59E-17   1.19E-18  
  1.70E+10  9.52E-19  0.0  
 1.70E+10  5.24E-18  0.0  
 1.70E+10  1.55E-17  0.0  
  8.40E+09  1.68E-17  0.0  
  8.00E+09  1.84E-17   9.60E-19  
  5.01E+09  2.66E-17   2.66E-18  
   5.00E+09  2.27E-17   1.15E-18  
  5.00E+09  2.10E-17  0.0  
   4.85E+09  2.37E-17   1.26E-18  
   4.85E+09  2.54E-17   1.36E-18  
  2.70E+09  2.16E-17  0.0  
  1.41E+09  2.96E-17  0.0  
  1.41E+09  2.96E-17  0.0  
  8.43E+08  1.72E-17   5.17E-19  
  8.43E+08  1.91E-17   1.71E-18  
   8.43E+08  1.66E-17   5.00E-19  
  4.08E+08  2.53E-17  0.0  
